a 61 43 29 12 69 29
a 25 65 43 1 29 9
a 29 3 61 3 11 66
a 46 60 41 73 44 23
a 59 55 32 14 1 62
a 50 13 68 19 33 2
a 72 44 43 49 8 42
a 40 70 41 6 24 58
a 19 37 8 38 28 7
a 1 63 46 8 53 35
a 43 20 0 0 31 61
a 73 21 56 6 10 42
a 65 11 48 34 61 9
a 31 44 5 22 57 47
a 30 55 32 33 49 7
a 7 43 39 72 30 14
a 34 18 14 26 20 5
a 37 72 6 34 50 32
a 44 21 39 38 43 30
f
a 2 56 41 73 65 52
f
a 28 2 12 62 64 23
a 15 3 21 19 55 13
a 44 8 3 10 34 29
a 63 22 44 48 37 49
a 7 59 42 28 37 37
a 43 68 44 26 55 18
a 51 18 0 67 50 17
a 10 13 73 0 69 43
a 19 61 32 60 9 20
a 33 63 65 43 22 46
a 64 43 50 66 47 59
a 9 49 18 40 58 19
a 58 18 5 19 62 51
a 44 72 69 3 66 1
a 13 30 50 28 24 21
a 43 56 44 34 67 65
a 73 13 73 21 53 27
a 62 62 47 16 41 45
a 48 25 37 13 28 51
a 73 60 24 23 72 3
a 42 44 28 24 71 57
a 48 33 18 43 7 58
a 46 3 1 6 48 21
f
a 72 24 64 34 56 48
f
a 24 31 48 30 2 1
a 40 39 34 18 40 11
a 45 11 8 49 44 30
a 63 34 31 21 34 68
a 71 22 27 27 8 57
a 50 19 27 19 37 50
e