a 48 26 6 14 41 6
a 25 3 47 44 37 33
a 25 58 57 42 71 10
a 63 8 52 22 36 14
a 49 5 31 28 31 35
a 25 30 48 57 56 73
a 24 45 9 38 41 0
a 54 10 3 31 5 59
a 68 18 1 11 53 71
a 66 10 60 58 25 52
a 64 5 26 31 56 44
a 25 28 9 41 26 30
a 26 31 35 47 48 44
a 15 41 42 42 69 70
a 31 42 39 67 32 44
a 56 59 3 60 65 47
a 33 49 57 50 12 23
a 43 3 30 34 60 25
a 18 13 15 31 61 72
a 58 40 32 44 4 33
a 10 19 57 15 1 35
a 6 6 55 32 45 32
a 62 48 42 32 16 53
a 35 40 17 62 68 4
a 1 65 11 48 65 24
a 56 60 66 28 41 58
a 27 47 69 21 44 9
a 36 68 64 26 52 18
a 2 12 47 19 11 5
a 37 46 10 9 5 7
a 4 46 72 69 16 8
a 65 34 15 48 51 31
a 23 55 33 37 50 13
a 4 34 60 57 24 23
a 36 6 35 58 12 22
a 60 10 58 38 4 61
a 26 47 44 61 43 20
a 60 44 38 67 27 58
a 6 3 65 39 6 5
a 41 8 50 41 3 48
a 0 31 5 13 46 63
a 73 29 52 35 12 31
a 65 31 15 58 26 15
a 57 53 73 66 8 15
a 52 45 17 49 63 6
a 30 5 50 50 45 6
a 62 33 31 46 12 27
a 34 16 63 44 1 34
a 13 31 48 53 18 1
a 36 54 48 24 36 24
a 25 5 5 8 28 1
a 73 60 5 24 31 0
a 30 3 19 50 54 54
a 61 27 44 53 72 5
a 65 55 60 17 64 67
a 32 68 40 26 68 15
a 30 46 62 0 37 64
a 37 51 62 45 68 15
a 70 53 48 70 1 32
a 14 71 1 56 23 67
a 17 51 54 70 5 66
a 50 45 30 32 15 15
a 3 62 60 26 72 41
a 34 60 0 17 27 68
a 10 70 42 50 54 10
a 35 49 23 11 12 1
a 28 64 40 39 14 72
a 15 15 37 33 55 54
a 9 26 54 50 60 54
a 3 51 61 11 62 12
a 46 55 41 35 5 10
a 17 29 27 47 67 13
a 4 14 55 54 37 17
a 24 47 63 65 3 30
a 43 65 3 43 65 58
a 53 38 49 16 25 3
a 14 25 2 64 42 11
a 48 10 6 58 1 28
a 9 70 43 60 10 14
a 36 52 63 40 23 73
a 16 24 32 15 53 47
a 59 53 50 60 67 66
a 11 56 2 1 21 48
a 14 45 33 24 19 48
a 18 11 64 44 69 37
a 64 56 53 7 43 67
a 16 14 54 23 51 13
a 4 45 40 57 58 26
a 13 49 70 61 47 50
a 4 3 45 42 57 43
a 31 31 11 50 59 41
a 62 53 54 51 31 45
a 24 49 7 49 41 37
a 22 70 17 68 55 63
a 49 10 27 28 44 64
a 2 16 52 50 3 44
a 28 43 66 61 11 28
a 40 16 44 8 50 27
a 53 49 25 21 66 19
a 38 4 72 28 29 38
a 50 4 40 58 50 49
a 35 47 12 17 7 70
a 24 46 16 33 7 36
a 52 70 66 38 71 72
a 50 70 16 63 72 21
a 29 45 53 10 14 45
a 14 44 14 3 11 55
a 30 17 15 28 45 37
a 22 14 23 65 66 27
a 33 20 51 15 17 42
a 29 68 32 38 6 36
a 27 71 14 45 59 69
a 9 69 4 27 54 63
a 26 48 49 29 64 26
a 35 19 67 9 12 64
a 44 46 25 13 33 39
a 5 36 46 12 32 49
a 54 52 40 2 50 34
a 23 57 35 7 56 65
a 27 33 67 47 6 43
a 32 10 27 35 60 50
a 59 9 10 20 2 16
a 70 7 18 32 6 17
a 27 0 58 66 47 4
a 23 28 52 39 16 70
a 43 15 17 0 49 39
a 42 5 7 55 49 15
a 1 33 24 5 34 38
a 50 40 32 20 61 23
a 73 54 12 4 66 61
a 42 16 2 29 58 64
a 62 64 37 25 71 61
a 42 0 8 2 37 50
a 23 59 4 39 20 53
a 54 14 4 8 9 29
a 24 22 33 19 64 47
a 5 66 63 61 47 25
a 20 46 9 59 31 4
a 68 31 58 47 18 42
a 19 2 6 73 63 26
a 22 40 24 24 21 49
a 15 71 58 3 55 48
a 57 48 25 24 39 22
a 42 64 15 59 8 50
a 32 44 32 13 17 31
a 30 33 57 28 50 50
a 21 31 14 2 59 65
a 11 35 27 33 7 42
a 22 28 54 10 51 52
a 24 33 40 43 49 49
a 17 26 56 37 55 61
a 3 51 23 67 59 61
a 66 8 72 39 22 68
a 11 23 53 71 58 1
a 4 13 11 27 2 47
a 66 17 37 63 17 23
a 40 9 51 7 3 21
a 33 44 29 35 26 7
a 25 59 8 58 45 35
a 16 52 8 38 22 9
a 6 35 46 25 30 28
a 42 24 20 55 37 17
a 17 8 13 37 12 66
a 62 73 58 18 19 35
a 22 15 40 69 59 9
a 41 7 33 44 22 53
a 31 27 71 54 39 11
a 64 57 61 51 20 72
a 60 2 19 36 69 45
a 20 16 6 13 25 52
a 61 63 67 30 13 8
a 22 0 71 33 59 12
a 5 13 39 49 49 58
a 65 68 19 1 62 27
a 55 73 66 37 13 16
a 45 68 16 38 61 57
a 21 51 66 51 14 2
a 71 71 28 62 69 56
a 71 51 26 55 14 65
a 20 4 55 37 35 66
a 11 14 43 40 25 24
a 72 34 10 14 59 0
a 16 54 25 11 68 28
a 9 12 48 67 36 71
a 2 23 34 10 47 48
a 20 5 37 63 55 32
a 20 49 65 46 72 51
a 11 60 36 38 62 47
a 16 41 16 49 14 10
a 10 25 24 41 57 59
a 44 52 37 29 49 46
a 17 27 6 8 37 49
a 33 30 23 22 40 58
a 62 2 44 58 10 59
a 73 32 11 12 69 3
a 44 0 42 11 34 37
a 58 21 41 12 40 18
a 17 68 51 73 22 55
a 53 22 70 0 36 3
a 48 39 29 5 49 72
a 53 28 58 24 33 46
a 19 8 30 0 69 27
a 70 45 67 13 46 61
a 71 63 50 29 16 39
a 36 35 13 40 66 6
a 18 31 17 29 13 65
a 47 0 21 18 42 54
a 44 73 72 71 14 25
a 49 11 73 52 27 16
a 67 20 36 34 26 43
a 8 24 18 48 70 66
a 66 46 22 38 52 31
a 4 31 13 39 14 1
a 58 57 72 69 67 59
a 26 9 70 44 12 38
a 6 36 59 45 37 21
a 26 33 6 64 68 56
a 12 16 29 15 61 43
a 40 23 5 25 65 57
a 20 13 64 14 6 24
a 36 28 4 31 63 71
a 66 30 14 32 8 53
a 56 70 27 68 17 29
a 4 2 51 55 42 44
a 60 47 22 23 53 11
a 68 73 44 26 63 29
a 8 42 9 47 28 31
a 45 3 40 22 12 38
a 27 67 3 31 47 44
a 12 73 41 18 60 15
a 2 20 6 13 12 40
a 34 67 55 1 53 3
a 28 25 46 14 73 28
a 42 60 69 16 31 2
a 38 12 65 3 46 58
a 20 24 67 47 61 30
a 45 17 24 41 34 52
a 32 1 42 39 48 70
a 56 58 8 44 32 61
a 31 57 44 53 45 26
a 65 11 2 47 69 38
a 19 5 31 8 23 48
a 67 71 10 57 64 9
a 2 3 45 62 63 36
a 32 31 40 67 53 36
a 7 32 68 20 59 14
a 20 12 26 61 54 17
a 10 69 18 55 2 37
a 27 61 23 65 36 23
a 47 28 53 2 24 69
a 45 71 67 36 5 4
a 14 9 30 60 17 48
a 54 48 54 50 47 29
a 17 31 17 11 25 22
a 45 8 12 66 55 7
a 68 20 42 68 18 13
a 1 29 31 49 72 51
a 27 43 57 45 36 32
a 52 33 19 48 1 40
a 23 52 0 15 13 26
a 56 49 68 43 2 30
a 27 49 70 41 40 53
a 52 31 27 41 41 54
a 47 46 5 45 4 0
a 0 67 70 41 58 4
a 18 50 36 56 73 64
a 55 2 25 31 15 45
a 50 8 23 29 42 14
a 52 46 47 28 33 12
a 63 11 58 52 69 41
a 31 28 42 28 5 72
a 15 57 31 72 67 56
a 7 17 55 6 47 61
a 20 30 29 36 27 8
a 24 16 66 38 55 57
a 3 58 8 49 16 73
a 38 52 19 35 53 2
a 14 8 0 3 24 33
a 49 63 33 0 68 38
a 57 23 66 3 46 54
a 69 56 6 69 45 13
a 19 72 15 70 54 15
a 57 41 31 16 38 35
a 2 5 21 50 8 50
a 9 66 46 13 67 37
a 58 13 60 65 63 17
a 29 71 46 48 18 20
a 60 21 25 23 16 63
a 68 10 8 64 71 2
a 7 72 28 42 54 56
a 19 31 37 21 39 39
a 2 25 20 37 64 61
a 35 45 22 10 33 48
a 48 67 18 63 63 38
a 35 49 65 58 45 7
a 70 32 26 4 14 45
a 71 9 54 19 46 29
a 44 46 66 54 64 35
a 51 6 1 57 3 0
a 28 9 55 23 73 47
a 20 60 11 18 26 18
a 34 26 14 33 23 19
a 68 64 18 45 31 72
a 33 64 60 10 20 8
a 33 71 34 35 48 63
a 42 27 41 49 18 38
a 41 13 72 3 27 49
a 68 52 44 26 51 66
a 38 46 71 30 47 54
a 15 34 7 8 7 68
a 71 2 1 23 28 40
a 2 21 29 5 34 3
a 0 40 30 1 1 60
a 32 3 27 31 13 4
a 30 10 18 49 41 28
a 38 31 18 68 12 6
a 1 11 35 48 19 21
a 31 34 11 62 44 10
a 8 20 16 21 39 18
a 24 64 48 32 15 4
a 27 55 43 49 12 29
a 50 13 21 13 16 46
a 61 46 34 34 30 5
a 1 22 35 64 48 58
a 4 72 63 72 3 24
a 17 4 13 23 4 29
a 53 39 33 26 52 68
a 53 5 71 3 42 52
a 22 12 13 44 9 27
a 39 56 12 66 63 17
a 29 47 46 26 14 59
a 46 5 35 27 3 39
a 42 60 23 13 3 49
a 16 9 35 3 33 30
a 43 9 10 40 59 48
a 47 54 34 30 27 10
a 8 66 68 17 52 70
a 45 62 35 24 10 73
a 29 49 65 58 54 13
a 48 33 36 19 71 23
a 19 52 31 36 24 50
a 5 66 2 10 70 52
a 18 52 44 69 59 35
a 27 20 49 56 66 71
a 61 66 15 64 31 53
a 55 73 10 34 40 28
a 61 5 56 14 11 71
a 72 59 34 63 61 56
a 16 9 61 63 19 47
a 31 66 33 2 45 53
a 70 73 62 55 46 41
a 20 0 10 73 70 5
a 31 48 7 69 32 29
a 17 25 42 48 14 48
a 68 45 5 35 12 34
a 71 71 8 42 66 61
a 30 45 67 44 25 31
a 69 4 38 49 5 70
a 59 54 38 12 60 35
a 69 50 22 42 18 64
a 42 32 18 45 53 26
a 38 2 67 14 54 55
a 5 27 5 16 48 62
a 47 64 56 45 32 33
a 34 28 44 32 31 14
a 5 57 23 14 3 29
a 53 15 17 41 9 21
a 8 20 39 41 13 16
a 15 15 18 11 59 1
a 16 21 69 25 12 6
a 1 54 32 54 19 25
a 43 37 14 28 39 12
a 55 35 32 67 1 58
a 34 52 3 71 23 23
a 71 52 22 3 17 10
a 3 68 28 48 36 13
a 25 66 10 34 40 25
a 28 18 47 38 69 35
a 43 42 45 40 46 25
a 11 60 35 30 41 72
a 35 36 4 67 24 42
a 32 20 35 49 15 31
a 55 52 73 10 71 40
a 65 49 32 18 24 8
a 7 9 49 44 46 4
a 8 62 8 71 68 50
a 31 9 22 60 36 2
a 54 65 35 22 0 1
a 63 22 11 65 49 26
a 56 6 58 21 2 17
a 5 72 53 19 38 5
a 24 58 55 53 9 68
a 72 41 9 56 72 39
a 34 55 14 52 24 14
a 72 12 50 29 9 59
a 48 63 62 48 70 72
a 2 8 63 61 70 12
a 45 73 2 46 12 54
a 60 14 37 8 54 64
a 25 56 26 29 53 8
a 6 60 26 47 4 57
a 34 28 38 16 23 53
a 1 31 9 21 8 40
a 53 39 52 21 65 57
a 32 20 33 34 69 39
a 24 24 45 20 30 64
a 73 17 37 73 29 50
a 37 50 30 51 3 14
a 31 6 21 56 34 26
a 70 49 72 15 5 45
a 59 16 1 65 10 37
a 26 51 63 65 14 14
a 57 39 67 13 61 10
a 70 43 63 56 29 9
a 66 28 26 30 57 54
a 38 63 12 23 51 63
a 5 46 67 72 0 29
a 34 62 71 20 63 72
a 0 66 53 73 51 6
a 16 16 66 37 26 69
a 69 53 23 37 28 21
a 54 19 55 54 36 17
a 8 73 21 53 42 25
a 34 25 7 23 32 33
a 69 70 12 39 40 18
a 33 33 58 16 1 12
a 69 10 42 56 46 25
a 51 9 45 66 23 64
a 11 58 55 60 40 67
a 59 33 24 17 64 47
a 1 11 56 2 25 3
a 62 22 19 38 16 38
a 37 7 14 9 19 40
a 26 30 13 16 52 48
a 11 43 17 33 68 30
a 31 14 18 8 21 5
a 25 45 31 9 8 59
a 73 0 71 37 36 50
a 57 53 24 43 52 35
a 59 27 19 18 36 9
a 26 41 24 38 67 16
a 31 17 22 41 3 67
a 15 15 56 39 2 13
a 9 16 57 16 56 52
a 21 39 69 11 54 14
a 1 3 13 38 12 19
a 15 43 31 50 63 33
a 15 27 72 21 10 25
a 28 59 64 27 46 17
a 59 26 2 43 18 24
a 42 51 37 51 34 23
a 23 40 50 63 26 46
a 42 21 50 27 58 2
a 51 41 69 27 10 13
a 19 22 7 17 56 0
a 7 19 53 44 19 47
a 32 58 14 58 60 66
a 71 62 41 61 47 17
a 28 14 3 56 15 8
a 28 42 52 44 47 7
a 65 28 22 3 65 57
a 16 7 35 24 35 48
a 45 11 60 9 34 47
a 53 28 72 23 21 62
a 1 31 65 16 13 32
a 69 47 36 62 23 0
a 48 18 73 61 20 40
a 21 10 47 33 50 72
a 35 48 44 52 44 39
a 39 0 69 8 56 63
a 12 28 23 28 63 9
a 29 17 0 32 59 62
a 5 2 12 52 44 32
a 45 44 38 1 41 46
a 55 69 66 34 5 55
a 58 47 71 68 23 13
a 13 42 51 1 17 57
a 37 63 62 10 5 53
a 66 36 20 19 3 32
a 10 13 36 4 73 17
a 65 52 57 8 11 27
a 8 39 40 65 11 16
a 58 2 15 63 21 47
a 63 2 10 46 29 39
a 4 17 11 41 47 28
a 45 22 9 68 24 63
a 20 46 26 64 63 55
a 27 9 15 31 48 38
a 6 7 25 11 58 46
a 67 35 22 21 57 59
a 25 59 17 61 39 27
a 55 41 0 10 8 50
a 8 6 28 68 1 52
a 14 60 29 16 18 9
a 8 4 45 32 61 66
a 65 50 48 13 71 59
a 41 25 40 11 25 44
a 66 56 18 70 20 10
a 5 48 21 16 26 55
a 66 17 6 5 9 46
a 48 8 10 43 0 71
a 22 11 29 13 48 7
a 63 62 45 27 69 0
a 40 22 69 45 41 49
a 47 58 48 21 46 47
a 65 28 70 30 53 4
a 25 59 16 47 43 56
a 6 69 60 54 6 65
a 1 38 39 66 55 53
a 50 30 16 46 53 56
a 58 20 2 51 11 46
a 40 35 41 9 26 41
a 44 60 62 8 18 64
a 66 55 0 24 16 19
a 26 65 59 39 50 57
a 70 31 42 51 64 49
a 25 57 18 41 51 70
a 40 35 16 43 28 37
a 9 35 54 22 32 61
a 18 2 55 47 65 34
a 3 65 1 24 51 45
a 28 49 3 53 32 5
a 5 50 33 31 60 12
a 17 11 69 26 63 70
a 8 5 34 9 20 5
a 9 67 27 1 4 32
a 46 10 13 28 70 2
a 30 66 46 8 16 71
a 49 29 53 66 69 9
a 0 2 0 32 41 26
a 0 20 13 16 42 17
a 15 56 43 40 8 10
a 38 23 22 10 58 31
a 29 9 13 68 15 11
a 49 38 27 52 59 67
a 65 46 39 54 66 7
a 12 11 4 2 37 23
a 34 60 52 26 31 21
a 56 0 71 43 68 57
a 24 71 35 24 53 23
a 57 6 29 52 1 20
a 45 52 11 0 34 32
a 34 21 56 22 2 69
a 44 5 30 27 42 73
a 29 71 37 6 27 37
a 8 58 51 8 38 7
a 10 58 63 3 9 59
a 65 51 36 23 11 63
a 40 57 33 34 2 6
a 21 1 30 21 3 54
a 43 57 62 59 19 55
a 65 54 38 6 47 66
a 41 40 0 42 9 32
a 48 10 30 4 60 60
a 29 7 60 45 54 71
a 63 20 29 66 44 7
a 25 9 57 19 53 59
a 12 4 67 45 57 70
a 50 20 7 13 42 22
a 2 7 16 66 22 65
a 67 11 68 51 37 39
a 41 69 54 13 9 16
a 1 25 9 62 69 14
a 30 42 27 3 25 33
a 20 60 17 57 29 45
a 10 70 40 61 48 37
a 6 61 67 29 40 1
a 6 32 65 37 16 47
a 41 17 37 6 11 9
a 53 22 55 38 58 32
a 7 8 53 65 3 24
a 32 6 66 34 34 53
a 48 69 19 16 33 7
a 26 25 31 49 36 16
a 26 67 56 15 35 37
a 38 67 6 52 54 56
a 8 16 58 8 42 38
a 37 31 48 2 35 12
a 62 49 54 52 39 33
a 22 45 61 12 63 7
a 57 63 20 13 32 16
a 5 34 45 1 59 11
a 12 63 10 3 23 27
a 16 71 23 14 27 45
a 59 7 48 10 52 4
a 61 31 32 62 69 31
a 55 12 47 2 11 2
a 63 18 1 68 22 7
a 21 46 57 72 2 46
a 52 43 51 69 67 1
a 27 39 55 5 0 67
a 49 43 13 40 46 36
a 2 72 52 26 60 26
a 72 69 0 63 23 49
a 39 51 46 35 16 63
a 21 9 16 9 23 49
a 27 68 73 19 2 73
a 47 37 69 55 29 35
a 71 73 57 73 0 36
a 59 43 5 52 64 57
a 66 8 45 61 35 25
a 32 67 11 36 23 70
a 8 25 68 17 21 45
a 12 69 3 33 26 45
a 73 11 34 71 31 31
a 0 9 60 45 58 57
a 5 22 8 25 24 5
a 22 61 59 44 12 11
a 60 47 10 40 10 24
a 0 31 58 33 27 23
a 11 66 45 1 73 60
a 23 23 34 53 70 49
a 27 61 2 40 60 25
a 50 42 30 51 3 27
a 6 45 4 9 57 29
a 45 50 8 32 69 29
a 27 41 71 6 4 4
a 14 2 54 43 14 20
a 11 12 1 54 19 15
a 48 0 36 36 36 39
a 45 27 24 53 68 37
a 20 13 32 50 68 15
a 14 57 40 35 27 67
a 27 4 31 61 58 70
a 57 31 27 65 46 23
a 7 38 44 27 5 32
a 67 42 23 23 17 15
a 45 21 56 56 6 69
a 59 13 69 45 69 7
a 17 31 44 24 50 29
a 56 47 67 35 35 39
a 35 21 57 51 17 61
a 21 25 52 45 14 47
a 31 30 20 10 23 55
a 40 66 73 17 44 55
a 47 55 64 16 32 47
a 72 30 57 19 54 66
a 43 49 10 65 38 41
a 30 63 9 46 44 55
a 27 72 45 57 73 43
a 24 50 42 35 22 11
a 11 72 55 11 48 43
a 10 44 2 62 15 45
a 29 29 9 32 32 56
a 3 11 16 21 8 18
a 12 51 52 51 18 29
a 51 44 19 52 72 66
a 61 44 7 17 60 65
a 34 9 8 22 41 28
a 48 37 38 2 44 57
a 50 45 23 42 56 12
a 35 30 33 1 68 72
a 30 39 35 8 18 42
a 3 71 17 70 6 51
a 36 21 62 46 43 38
a 20 43 52 41 3 15
a 50 16 50 8 7 23
a 12 57 21 42 28 33
a 69 47 5 42 56 20
a 56 39 31 24 73 11
a 44 67 21 43 56 58
a 1 56 28 47 39 25
a 39 72 64 1 46 52
a 13 45 65 42 47 50
a 47 73 63 14 14 36
a 48 34 62 5 34 22
a 37 26 38 16 24 39
a 71 37 26 33 40 65
a 58 45 24 34 41 70
a 29 70 28 62 65 46
a 29 39 50 43 21 7
a 52 26 55 52 37 37
a 38 45 52 17 38 46
a 67 18 15 25 26 14
a 7 9 27 9 63 55
a 61 1 38 73 9 0
a 9 61 24 52 4 67
a 24 44 65 42 72 34
a 67 51 12 4 25 41
a 1 49 5 17 35 62
a 21 73 19 31 3 60
a 49 41 30 67 39 37
a 38 28 44 28 49 10
a 26 30 55 67 38 14
a 38 6 50 59 52 13
a 30 59 72 34 65 2
a 26 67 19 54 58 13
a 51 35 26 25 72 46
a 37 27 54 45 15 36
a 2 27 62 12 12 34
a 59 23 70 32 45 32
a 38 51 43 14 51 21
a 44 48 3 43 24 42
a 23 26 10 68 29 49
a 41 46 43 59 40 45
a 25 42 66 67 22 33
a 17 72 69 27 15 41
a 10 52 25 70 6 51
a 55 53 56 10 32 65
a 67 3 4 52 68 1
a 71 30 22 67 64 4
a 22 28 70 24 48 19
a 30 21 5 40 49 47
a 53 42 18 8 62 14
a 31 34 15 9 21 9
a 59 60 33 71 71 29
a 9 45 45 55 20 68
a 5 67 56 63 57 18
a 39 24 37 3 59 10
a 14 60 63 37 53 41
a 54 18 17 64 45 18
a 9 45 29 50 42 6
a 2 13 31 24 67 9
a 71 39 19 26 1 62
a 69 71 16 62 62 15
a 53 10 65 58 63 72
a 17 31 14 18 72 35
a 38 61 71 8 44 42
a 37 9 58 31 21 53
a 22 44 37 39 15 9
a 59 59 49 63 50 10
a 54 56 47 61 73 30
a 36 64 2 10 15 39
a 35 19 20 38 65 47
a 29 55 46 14 6 56
a 18 6 52 19 21 48
a 5 59 45 14 5 2
a 17 30 51 47 55 60
a 57 0 0 19 24 22
a 34 25 53 41 36 2
a 29 71 36 40 33 13
a 70 56 39 36 31 24
a 9 68 45 69 49 46
a 40 72 3 53 43 9
a 7 51 14 17 23 51
a 30 73 24 19 24 5
a 66 67 63 47 31 8
a 57 19 70 17 38 47
a 65 17 23 1 69 32
a 45 5 40 37 58 21
a 43 47 30 46 64 55
a 57 8 1 44 4 24
a 67 11 20 1 42 49
a 24 15 49 17 57 15
a 21 6 41 19 57 65
a 15 10 4 23 33 29
a 71 50 6 13 10 46
a 58 18 64 51 1 50
a 16 9 20 17 70 45
a 69 68 67 60 37 52
a 61 16 2 40 0 42
a 32 62 51 41 70 66
a 23 65 29 15 66 30
a 22 33 3 48 16 62
a 73 68 28 3 7 70
a 13 67 51 50 20 9
a 3 67 61 30 48 31
a 68 57 24 22 61 46
a 11 69 4 59 37 9
a 8 71 10 8 13 21
a 56 0 42 34 65 15
a 0 0 7 42 26 58
a 0 67 70 73 9 12
a 20 20 23 68 20 20
a 2 30 33 50 55 25
a 1 22 18 4 6 4
a 63 25 54 28 36 59
a 14 15 3 34 63 30
a 43 59 38 39 60 73
a 41 11 26 9 64 54
a 19 22 1 45 68 45
a 54 4 44 57 27 11
a 30 62 41 24 29 22
a 6 60 6 49 20 26
a 44 71 42 41 73 51
a 54 40 5 68 40 15
a 5 24 17 8 17 19
a 7 51 33 36 48 11
a 46 45 66 4 43 61
a 60 52 0 17 44 36
a 42 56 26 4 23 8
a 1 15 21 36 6 57
a 4 63 26 65 20 42
a 28 38 47 30 62 5
a 57 11 51 23 16 15
a 58 37 2 22 30 4
a 20 10 18 27 24 52
a 18 19 48 4 39 65
a 24 21 4 16 64 49
a 63 35 48 5 64 38
a 3 47 36 41 37 52
a 30 35 70 20 54 13
a 50 3 53 9 27 70
a 13 37 15 44 61 64
a 51 70 26 1 60 1
a 55 73 44 8 23 26
a 46 26 42 64 35 30
a 72 14 13 24 68 40
a 65 42 28 7 14 36
a 50 44 46 30 11 48
a 68 44 60 51 67 72
a 8 20 71 59 63 24
a 41 12 53 49 72 70
a 53 16 60 57 66 6
a 69 24 18 47 9 15
a 69 66 0 61 9 19
a 28 27 54 42 18 1
a 25 14 58 0 42 37
a 56 38 3 24 68 46
a 10 71 32 17 14 20
a 12 62 28 23 3 52
a 60 45 24 60 24 29
a 23 68 38 38 56 68
a 71 26 59 60 60 10
a 7 51 40 8 45 40
a 62 37 7 5 6 58
a 55 73 62 56 0 3
a 17 58 72 63 36 32
a 25 40 39 9 4 60
a 31 1 42 44 13 62
a 9 29 51 45 13 42
a 72 34 41 64 0 14
a 2 10 48 63 26 24
a 15 73 58 50 28 73
a 3 49 21 0 67 57
a 11 36 70 36 41 55
a 73 48 53 42 63 20
a 42 40 9 14 44 46
a 37 16 36 34 47 36
a 35 18 0 55 49 32
a 45 42 46 10 33 52
a 62 57 7 29 69 3
a 41 13 41 47 43 37
a 70 29 32 19 71 63
a 17 44 58 4 25 56
a 62 23 69 13 72 37
a 21 11 0 47 12 62
a 40 51 9 5 53 19
a 58 52 16 41 52 51
a 7 5 45 8 22 66
a 43 33 56 71 17 10
a 15 31 64 5 67 56
a 60 21 5 46 42 7
a 30 63 22 65 9 56
a 27 73 15 5 25 15
a 22 51 56 8 58 28
a 49 73 16 17 69 69
a 68 49 59 10 36 61
a 72 70 44 72 1 62
a 50 28 19 45 46 7
a 27 0 19 65 67 48
a 22 46 3 66 64 68
a 15 43 43 41 29 18
a 44 27 4 54 7 17
a 11 62 34 50 38 43
a 11 54 40 33 52 29
a 40 71 0 65 59 42
a 54 72 49 48 66 22
a 19 17 18 46 1 37
a 30 24 64 21 12 12
a 18 54 59 73 17 48
a 45 32 12 37 67 1
a 62 52 12 14 6 42
a 9 53 53 37 53 3
a 27 41 29 35 35 27
a 3 7 63 36 31 58
a 30 36 71 7 11 25
a 58 10 62 45 71 61
a 42 39 67 61 6 32
a 40 71 16 23 1 13
a 14 21 48 70 39 17
a 10 10 38 35 44 26
a 7 53 57 8 58 27
a 44 47 40 24 15 16
a 31 45 4 30 72 48
a 47 73 44 61 41 55
a 43 56 64 26 43 35
a 2 7 62 51 48 62
a 48 48 40 4 44 41
a 24 53 6 45 20 67
a 1 43 19 27 30 55
a 71 71 61 63 28 44
a 11 56 68 49 4 18
a 20 11 51 67 24 47
a 60 28 7 4 59 44
a 2 33 15 23 57 36
a 64 14 51 43 49 63
a 20 40 66 55 49 53
a 36 61 67 67 55 44
a 8 43 64 10 24 4
a 14 66 27 38 0 19
a 61 71 58 52 18 64
a 59 70 2 57 32 7
a 30 28 46 61 32 9
a 12 11 51 45 68 1
a 21 30 51 3 45 67
a 27 16 11 54 18 30
a 69 70 21 48 51 68
a 25 18 2 20 7 15
a 45 46 47 43 7 66
a 8 67 65 66 0 26
a 23 5 0 55 8 30
a 70 17 37 19 53 66
a 46 68 51 72 41 38
a 23 56 62 60 28 7
a 15 8 22 41 18 60
a 29 10 49 70 11 3
a 67 66 5 66 41 26
a 31 44 41 73 11 53
a 65 50 27 63 52 38
a 72 67 25 3 20 19
a 27 69 35 21 5 44
a 44 32 30 56 55 3
a 39 46 6 18 36 3
a 49 32 14 65 53 45
a 22 62 10 29 2 40
a 13 22 33 67 42 21
a 27 70 49 36 2 66
a 64 42 64 72 20 69
a 4 50 54 53 15 34
a 56 73 6 63 36 39
a 35 26 35 14 11 4
a 42 30 36 29 30 7
a 9 49 2 41 36 28
a 70 40 55 72 17 38
a 72 51 28 37 44 46
a 1 19 66 7 57 57
a 12 2 65 51 56 20
a 31 60 47 8 43 33
a 54 68 45 70 62 53
a 38 72 55 67 50 49
a 61 41 48 40 69 52
a 48 68 2 24 63 0
a 24 10 3 8 56 28
a 61 35 14 42 61 72
a 38 41 69 18 30 56
a 48 13 41 25 32 7
a 53 42 10 5 6 26
a 44 41 1 35 68 23
a 6 36 42 50 63 70
a 14 35 54 32 69 4
a 50 11 17 22 3 39
a 26 34 42 29 53 33
a 54 45 8 71 5 33
a 21 65 38 26 28 4
a 0 16 73 36 39 14
a 21 36 23 37 21 69
a 56 29 56 25 5 70
a 38 66 33 6 57 47
a 72 39 35 66 10 72
a 71 46 69 59 31 14
a 40 71 41 65 68 22
a 47 41 61 50 53 61
a 45 52 61 0 65 46
a 22 43 17 2 56 27
a 65 33 26 72 25 14
a 6 16 36 69 30 7
a 27 11 48 71 15 59
a 1 30 19 1 21 72
a 11 27 37 57 47 14
a 28 29 38 54 23 50
a 60 30 65 70 23 60
a 48 2 7 51 29 16
a 65 6 0 12 66 68
a 50 28 2 29 28 57
a 56 10 5 43 19 51
a 71 37 41 53 62 56
a 56 43 31 68 17 36
a 21 71 22 55 26 24
a 47 11 53 30 65 16
a 47 55 16 32 25 54
a 58 7 27 45 16 38
a 25 30 48 39 59 16
a 38 45 38 71 38 49
a 37 42 3 55 18 73
a 25 62 54 45 8 1
a 1 49 11 57 66 24
a 34 47 22 47 2 58
a 46 13 27 71 71 33
a 18 47 15 8 39 57
a 47 6 66 57 33 25
a 54 16 35 29 36 47
a 63 28 60 63 13 30
a 29 60 18 15 57 28
a 50 15 31 10 54 13
a 53 63 46 62 1 61
a 38 15 61 55 1 33
a 42 38 54 6 31 43
a 12 3 62 27 11 54
a 61 57 61 15 46 36
a 54 43 50 4 63 41
a 5 18 0 27 14 9
a 35 32 28 7 54 41
a 22 13 13 32 26 62
a 44 26 61 8 54 72
a 6 71 27 67 25 10
a 71 69 1 16 23 49
a 46 29 63 6 28 72
a 71 5 63 60 23 53
a 52 11 9 32 66 68
u 61 24 18 37 70 27 61
d 58
r 62
o
s
i
u 12 60 44 22 19 41 1
d 61
r 38
o
s
i
u 40 25 41 36 20 58 1
d 10
r 24
o
s
i
u 23 7 55 67 57 36 7
d 67
r 5
o
s
i
u 11 57 45 45 59 56 8
d 70
r 45
o
s
i
u 63 10 45 18 69 70 39
d 5
r 18
o
s
i
u 43 60 29 44 1 20 13
d 37
r 53
o
s
i
u 13 32 5 37 31 58 47
d 68
r 50
o
s
i
u 38 65 39 15 63 62 13
d 17
r 44
o
s
i
u 56 21 5 52 51 20 56
d 36
r 68
o
s
i
u 70 52 10 16 33 18 18
d 69
r 21
o
s
i
u 60 24 34 70 54 32 50
d 60
r 1
o
s
i
u 72 72 21 69 19 50 54
d 73
r 0
o
s
i
u 18 51 67 51 43 34 51
d 58
r 66
o
s
i
u 57 16 64 4 58 34 71
d 51
r 68
o
s
i
u 70 50 52 38 2 69 69
d 58
r 3
o
s
i
u 4 20 28 20 32 12 45
d 72
r 53
o
s
i
u 46 62 35 36 52 3 17
d 29
r 36
o
s
i
u 19 50 68 13 14 34 67
d 48
r 56
o
s
i
u 52 37 34 39 47 59 7
d 7
r 19
o
s
i
u 45 23 48 23 23 5 61
d 2
r 51
o
s
i
u 70 73 53 10 59 2 28
d 23
r 23
o
s
i
u 57 30 54 51 24 40 30
d 59
r 3
o
s
i
u 60 16 47 39 15 20 56
d 64
r 39
o
s
i
u 51 34 31 61 15 50 30
d 65
r 7
o
s
i
u 73 30 0 4 28 1 69
d 57
r 21
o
s
i
u 3 5 38 62 21 52 65
d 49
r 4
o
s
i
u 48 61 49 48 9 27 32
d 66
r 72
o
s
i
u 37 49 63 10 58 19 19
d 32
r 73
o
s
i
u 6 43 7 53 4 70 13
d 7
r 64
o
s
i
u 21 4 37 1 53 13 42
d 27
r 62
o
s
i
e