a 26 68 34 2 65 59
a 13 55 32 27 27 3
a 17 54 19 56 8 52
a 41 56 62 5 49 63
a 47 71 54 6 56 11
a 27 70 29 25 57 44
a 33 65 52 73 20 68
a 11 68 12 16 61 53
a 73 3 58 36 31 27
a 9 45 7 42 52 20
a 24 40 42 56 7 27
a 33 18 48 15 9 10
a 0 40 8 19 67 17
a 22 29 45 57 67 5
a 54 62 15 68 16 59
a 14 28 17 43 42 24
a 1 58 56 65 38 73
a 33 2 4 17 47 5
a 66 67 41 48 4 23
a 45 54 68 2 12 65
a 27 73 64 13 21 10
a 28 71 33 45 15 20
a 29 20 2 69 2 51
a 46 3 69 12 22 7
a 49 33 45 73 24 19
a 41 73 27 65 57 8
a 5 45 2 7 17 2
a 69 22 57 36 38 36
a 32 35 58 43 55 9
a 64 73 70 71 6 64
a 16 32 51 9 1 15
a 6 68 47 30 41 63
a 40 45 9 52 7 17
a 59 26 25 51 47 28
a 27 67 34 34 71 1
a 46 50 43 20 59 14
a 47 65 53 30 34 27
a 35 73 52 8 44 10
a 67 23 12 66 69 5
a 72 13 47 58 35 56
a 64 56 64 59 27 33
a 37 44 67 15 50 66
a 6 46 39 46 26 20
a 15 24 54 51 28 26
a 55 21 0 46 36 64
a 58 32 73 56 7 21
a 1 49 4 17 32 62
a 30 72 18 15 7 67
a 37 32 47 7 31 56
a 30 52 6 60 28 65
a 14 59 7 5 14 53
a 0 24 43 12 56 8
a 10 8 43 11 12 18
a 28 8 63 54 18 70
a 54 50 23 56 38 39
a 73 57 71 18 23 0
a 5 56 12 71 44 15
a 42 6 52 3 36 12
a 18 6 33 42 5 64
a 13 35 59 43 23 16
a 0 8 12 45 11 33
a 60 57 71 72 70 25
a 40 31 34 9 27 52
a 8 7 58 64 27 23
a 11 54 62 27 34 1
a 68 38 3 73 7 0
a 18 32 1 67 38 65
a 73 34 64 49 63 6
a 50 39 44 51 20 24
a 51 50 34 1 67 59
a 69 35 65 40 48 44
a 39 2 51 46 12 39
a 11 55 10 34 22 38
a 44 6 36 69 73 12
a 21 72 27 34 18 0
a 59 59 39 67 42 62
a 28 54 70 36 16 61
a 10 9 1 61 52 11
a 55 45 59 55 21 69
a 54 65 41 7 44 71
a 24 25 37 39 24 73
a 28 54 69 2 32 31
a 26 46 4 60 28 59
a 17 58 63 9 57 59
a 14 12 40 15 69 59
a 60 12 5 50 68 46
a 68 44 42 10 70 36
a 50 29 69 30 50 16
a 36 7 36 11 59 1
a 64 17 69 72 55 34
a 65 40 23 10 26 63
a 21 15 48 59 1 22
a 59 64 33 33 70 26
a 15 20 5 25 6 8
a 35 50 39 55 39 55
a 66 61 52 14 58 47
a 72 51 0 65 16 50
a 34 56 58 12 68 53
a 35 0 33 40 61 70
a 20 32 71 34 72 51
u 14 19 32 57 22 0 30
d 8
r 55
o
s
i
u 31 49 48 69 27 37 40
d 60
r 30
o
s
i
u 15 9 25 10 45 51 36
d 25
r 15
o
s
i
u 65 73 54 66 40 72 48
d 69
r 62
o
s
i
u 68 63 27 61 68 28 49
d 36
r 71
o
s
i
u 57 52 58 62 49 64 47
d 25
r 46
o
s
i
u 45 30 30 57 25 66 38
d 9
r 27
o
s
i
u 24 26 50 43 29 41 32
d 50
r 66
o
s
i
u 8 17 52 39 59 4 25
d 70
r 8
o
s
i
u 71 72 51 0 72 65 66
d 65
r 8
o
s
i
e