a 71 56 3 17 28 54
a 14 32 7 4 72 64
a 63 40 12 53 27 67
a 69 35 64 31 48 71
a 69 44 22 13 49 62
a 47 43 63 30 62 1
a 56 68 25 63 6 2
a 30 19 26 46 4 31
a 46 37 28 67 13 30
a 52 31 73 26 27 52
a 39 67 49 34 27 21
a 24 50 68 7 37 30
a 65 65 49 52 61 68
a 56 73 21 56 63 8
a 8 54 20 68 0 19
a 8 42 28 30 6 2
a 71 65 58 28 49 6
a 28 63 3 17 1 36
a 6 26 69 67 4 59
a 50 30 65 25 11 8
a 13 13 18 61 2 47
a 49 15 33 39 15 14
a 55 57 12 36 60 73
a 11 42 55 7 28 8
a 45 26 18 59 12 43
a 32 38 51 11 66 14
a 3 0 56 72 55 54
a 40 63 18 58 28 65
a 62 73 62 46 52 34
a 32 62 40 52 55 25
a 19 44 59 23 44 33
a 61 4 37 40 12 16
a 70 58 2 11 14 10
a 7 18 19 5 47 59
a 3 1 15 16 46 41
a 16 16 68 21 27 45
a 54 6 63 67 46 51
a 26 51 16 41 54 18
a 56 35 52 25 13 18
a 59 68 69 46 17 47
a 5 41 26 7 53 14
a 54 29 64 22 29 55
a 14 3 27 34 54 24
a 55 68 30 13 56 0
a 1 56 27 67 24 16
a 11 59 55 57 64 37
a 51 57 68 67 19 49
a 10 32 52 57 12 4
a 57 55 61 48 1 61
a 11 67 55 13 2 29
a 35 65 73 67 42 5
a 23 65 62 9 40 70
a 59 30 73 67 28 51
a 6 37 69 48 53 46
a 40 47 19 6 18 8
a 70 32 60 35 16 0
a 4 64 6 25 54 40
a 23 67 61 37 9 60
a 31 11 24 38 30 65
a 64 22 21 69 65 60
a 58 39 20 49 64 20
a 41 4 15 0 2 66
a 47 3 25 26 63 68
a 23 65 40 38 54 52
a 5 47 51 31 68 22
a 65 34 24 29 31 67
a 9 37 11 68 59 19
a 59 16 71 37 58 36
a 9 0 58 9 13 68
a 11 55 26 39 37 62
a 15 47 38 21 0 20
a 16 56 1 61 15 53
a 69 34 66 10 50 71
a 63 2 17 9 32 48
a 24 66 8 32 16 11
a 29 5 66 68 67 63
a 4 50 28 3 37 64
a 68 65 33 13 6 35
a 34 61 14 11 37 13
a 38 49 24 72 10 16
a 43 7 72 25 2 3
a 45 72 7 40 16 22
a 33 2 73 7 67 30
a 8 1 41 51 48 25
a 73 53 44 45 17 32
a 32 3 36 67 30 68
a 44 8 31 29 31 44
a 65 12 38 23 36 27
a 17 21 17 43 40 43
a 69 56 22 2 20 6
a 16 59 15 71 39 26
a 70 3 42 29 57 23
a 67 10 13 10 4 36
a 42 60 65 41 50 53
a 21 5 17 65 26 46
a 9 39 65 69 38 67
a 44 28 19 69 29 58
a 68 32 71 61 25 61
a 60 57 60 25 31 27
a 56 18 19 69 66 47
a 16 57 32 51 63 8
a 4 6 13 51 34 58
a 7 27 73 11 40 12
a 31 51 0 36 31 34
a 15 17 15 49 33 23
a 56 62 55 41 34 59
a 72 13 42 15 19 2
a 52 33 16 56 21 23
a 36 1 12 24 16 29
a 34 66 5 21 12 42
a 55 11 20 3 31 46
a 12 55 58 0 46 32
a 70 50 12 19 32 3
a 30 52 49 46 36 14
a 56 32 14 35 48 45
a 63 34 17 61 55 61
a 14 44 22 41 57 13
a 45 49 55 11 21 16
a 59 30 0 13 73 3
a 44 59 68 40 72 54
a 62 20 9 20 66 2
a 68 6 46 41 49 54
a 28 55 44 50 33 53
a 8 21 33 50 65 63
a 12 20 7 17 21 0
a 55 34 40 27 64 6
a 17 63 41 15 9 22
a 66 61 11 37 48 21
a 58 47 70 31 7 4
a 11 26 61 40 19 73
a 57 25 54 57 57 26
a 58 33 26 1 35 63
a 12 46 5 9 59 19
a 66 34 34 57 11 68
a 27 70 25 45 40 18
a 57 36 63 17 41 48
a 49 65 31 71 48 0
a 23 42 29 54 68 56
a 27 13 65 47 21 13
a 64 13 18 68 16 15
a 58 28 71 1 27 70
a 7 26 10 58 0 73
a 49 20 56 60 42 60
a 72 14 31 32 2 6
a 45 49 24 46 3 69
a 60 16 17 38 16 70
a 46 12 35 47 73 20
a 9 6 5 36 41 68
a 58 45 34 55 20 58
a 11 3 10 62 72 62
a 58 11 8 2 18 2
a 26 13 24 52 46 42
a 27 57 6 14 22 38
a 62 51 25 39 72 31
a 59 57 23 44 22 53
a 7 48 37 52 18 38
a 55 3 44 19 51 47
a 71 4 60 35 43 64
a 36 56 46 18 59 64
a 14 40 13 39 32 67
a 34 8 60 72 51 24
a 22 15 14 38 47 3
a 66 27 36 9 41 27
a 69 43 25 33 53 72
a 64 43 45 22 53 71
a 64 18 54 57 66 33
a 73 38 4 70 72 57
a 14 4 29 38 6 7
a 70 31 56 21 52 14
a 2 25 15 28 43 55
a 53 58 12 42 56 6
a 25 70 33 29 51 64
a 45 24 18 9 33 50
a 17 41 9 58 34 32
a 53 45 63 53 46 29
a 65 5 56 37 73 68
a 68 72 14 19 72 63
a 31 11 42 65 57 26
a 60 2 66 44 38 62
a 37 72 51 4 55 27
a 3 66 8 9 28 57
a 71 31 24 17 38 64
a 18 42 9 39 49 23
a 30 69 61 41 17 43
a 25 21 42 21 65 53
a 65 32 27 56 25 18
a 19 65 14 5 4 25
a 16 40 65 14 9 27
a 47 68 45 43 22 61
a 49 71 36 64 13 37
a 19 70 37 70 28 20
a 3 5 15 6 15 58
a 50 47 49 54 15 28
a 10 26 40 10 54 61
a 63 14 3 22 33 65
a 53 46 41 22 31 46
a 2 66 72 66 58 45
a 44 27 41 60 46 27
a 54 73 41 32 2 32
a 50 11 56 72 48 30
a 61 17 0 52 29 6
a 30 19 45 48 65 39
a 66 37 40 5 9 58
a 70 50 50 61 29 50
a 17 33 4 38 39 67
a 1 16 54 60 33 69
a 15 4 10 11 25 0
a 70 65 69 42 52 20
a 1 45 20 27 15 68
a 7 59 33 59 6 8
a 39 22 68 55 64 20
a 41 27 52 66 2 21
a 13 25 18 67 65 62
a 41 31 12 56 23 62
a 59 20 72 47 67 8
a 0 38 66 62 40 5
a 31 22 3 54 70 53
a 33 54 60 7 33 21
a 63 64 32 63 18 37
a 15 44 39 34 25 7
a 42 27 9 51 65 3
a 53 29 27 10 48 6
a 40 59 50 46 52 48
a 34 72 5 20 64 44
a 7 4 9 14 69 6
a 28 71 40 72 72 27
a 54 71 71 28 72 29
a 29 24 34 46 14 2
a 0 73 62 45 9 44
a 36 13 63 65 20 52
a 55 6 50 56 50 67
a 41 23 72 49 69 42
a 36 25 51 35 11 61
a 38 35 2 5 73 8
a 37 1 52 43 32 55
a 23 65 29 17 35 31
a 10 24 3 30 7 59
a 62 32 20 10 60 16
a 33 50 59 41 2 20
a 8 22 51 63 59 22
a 19 37 9 56 37 19
a 51 46 18 42 36 15
a 54 59 16 7 73 45
a 5 25 66 73 4 44
a 58 68 35 36 33 33
a 63 9 36 23 31 63
a 25 21 43 54 18 28
a 58 40 45 22 39 41
a 9 10 45 66 45 29
a 69 73 60 56 59 48
a 25 39 4 22 47 43
a 14 15 31 33 56 56
a 40 22 5 57 47 38
a 16 26 17 67 73 34
a 28 22 49 15 58 52
a 2 21 30 73 55 14
a 56 49 2 35 54 17
a 72 2 21 32 34 53
a 48 61 45 35 31 4
a 48 50 30 51 29 16
a 23 50 39 10 61 68
a 13 32 1 66 56 21
a 58 24 49 12 51 6
a 43 5 61 46 31 73
a 11 10 47 34 44 14
a 34 65 51 26 23 35
a 14 46 14 26 40 62
a 49 35 35 46 8 50
a 73 40 5 3 4 22
a 16 7 45 22 19 33
a 56 39 33 55 31 1
a 3 17 70 54 50 71
a 43 61 4 48 15 12
a 31 69 24 49 58 24
a 30 29 4 2 53 4
a 32 10 37 65 27 61
a 8 40 44 32 23 10
a 28 72 40 26 6 17
a 24 32 53 59 12 24
a 33 49 34 35 70 24
a 56 8 69 9 56 14
a 67 33 36 73 23 1
a 33 48 50 41 41 10
a 68 13 10 62 59 18
a 55 29 59 10 39 20
a 1 47 66 58 26 7
a 56 13 11 45 5 30
a 41 11 2 39 11 30
a 51 65 1 51 47 17
a 34 68 59 36 45 22
a 4 67 11 36 50 39
a 26 45 50 0 32 61
a 3 31 54 12 37 13
a 49 51 70 3 16 37
a 1 31 13 12 2 62
a 68 42 49 52 54 50
a 1 18 15 9 22 69
a 38 47 60 47 35 59
a 30 30 52 2 49 37
a 2 73 40 60 31 16
a 5 34 73 20 65 25
a 27 37 65 43 62 0
a 33 51 32 55 17 65
a 5 70 34 60 72 29
a 11 37 59 64 51 57
a 25 26 63 27 67 47
a 42 9 22 70 48 0
a 44 63 25 70 32 22
a 42 11 1 26 38 42
a 3 16 58 67 50 7
a 44 67 67 14 24 53
a 60 23 39 24 58 6
a 28 53 7 0 24 58
a 58 39 56 1 6 4
a 38 3 52 57 12 39
a 52 54 14 73 22 31
a 23 52 5 11 54 73
a 56 63 25 41 10 3
a 6 32 60 13 55 49
a 19 28 30 73 14 22
a 42 72 52 26 54 25
a 72 60 14 8 50 42
a 18 58 11 24 64 56
a 29 7 31 14 51 4
a 12 17 27 27 16 42
a 73 50 16 5 43 12
a 29 7 61 2 65 63
a 53 70 22 55 28 2
a 48 6 13 25 7 48
a 45 34 15 20 6 36
a 12 36 12 50 21 14
a 48 38 36 61 10 45
a 2 7 33 10 62 21
a 32 27 71 24 48 32
a 60 3 14 0 58 23
a 51 55 26 6 51 57
a 21 39 36 45 23 1
a 8 29 61 70 15 48
a 27 2 30 49 70 20
a 57 38 44 13 40 55
a 42 50 54 31 34 47
a 12 37 49 48 21 10
a 61 12 21 53 61 55
a 69 11 23 41 44 23
a 55 5 57 63 45 33
a 40 20 11 65 1 21
a 65 65 42 53 59 22
a 20 37 13 72 9 28
a 48 55 17 8 5 66
a 69 44 72 35 8 29
a 12 33 27 45 34 59
a 53 57 11 34 14 39
a 45 61 9 56 5 69
a 65 51 69 36 10 26
a 23 13 44 65 63 46
a 63 39 7 55 56 10
a 58 26 39 47 56 64
a 24 72 41 11 72 8
a 50 51 5 30 31 16
a 54 69 52 13 14 17
a 7 61 70 27 0 36
a 0 5 53 12 23 8
a 38 54 7 69 62 73
a 70 56 42 21 2 47
a 12 30 38 3 17 4
a 14 58 12 60 72 7
a 13 62 67 38 1 38
a 15 67 27 10 63 16
a 72 48 4 65 1 29
a 25 10 60 52 47 12
a 31 70 19 58 63 4
a 69 45 36 9 43 65
a 26 4 12 17 15 20
a 4 66 46 32 22 6
a 50 45 15 69 51 56
a 34 58 51 56 40 40
a 22 5 4 6 10 4
a 13 6 28 73 60 57
a 64 57 51 67 17 1
a 70 65 5 72 37 58
a 67 43 18 29 51 2
a 14 5 60 37 62 28
a 2 26 35 5 31 13
a 42 37 52 62 21 10
a 37 18 67 4 23 49
a 22 66 50 59 2 6
a 54 62 17 19 11 17
a 14 45 4 23 48 38
a 15 0 69 21 62 65
a 9 68 26 15 9 54
a 62 36 11 30 14 30
a 23 50 6 35 34 37
a 53 37 35 47 1 61
a 73 58 11 19 14 6
a 50 34 30 49 56 68
a 11 34 3 31 60 65
a 10 29 61 50 10 31
a 43 34 12 54 20 27
a 63 70 25 24 17 54
a 24 25 32 27 36 52
a 39 31 60 38 44 61
a 50 17 56 54 11 18
a 20 9 68 36 54 28
a 32 60 62 56 49 49
a 11 15 8 72 58 54
a 1 2 67 53 71 47
a 73 48 60 61 2 42
a 6 64 11 49 0 4
a 58 31 31 63 14 64
a 36 29 57 15 57 60
a 2 37 50 9 72 17
a 35 50 58 4 35 67
a 20 67 5 23 16 3
a 2 35 46 64 54 6
a 65 55 47 63 5 8
a 29 40 22 46 41 57
a 5 69 65 25 23 54
a 44 48 54 47 1 30
a 29 52 2 41 19 67
a 38 27 43 29 10 15
a 27 32 49 42 58 15
a 59 33 52 31 26 49
a 3 32 8 65 0 37
a 45 38 29 64 63 2
a 53 8 70 49 40 62
a 34 11 39 22 67 57
a 67 56 45 67 9 49
a 36 9 11 62 32 68
a 16 45 18 32 4 66
a 1 65 35 3 63 45
a 39 33 38 49 11 59
a 10 37 21 57 14 41
a 8 14 8 53 73 33
a 13 72 19 65 7 50
a 41 2 33 59 73 47
a 6 55 2 62 33 28
a 42 19 26 47 17 9
a 59 11 13 42 36 39
a 18 39 46 55 37 72
a 46 62 58 14 25 41
a 20 17 10 52 53 27
a 34 18 18 10 31 36
a 49 5 70 66 0 23
a 72 8 52 56 65 32
a 7 43 48 31 14 13
a 6 0 30 57 41 41
a 54 43 56 51 30 24
a 73 52 58 37 40 36
a 41 40 35 23 25 43
a 5 52 54 56 9 58
a 72 69 55 50 36 11
a 50 38 1 18 30 62
a 29 49 61 44 10 17
a 71 10 73 26 30 7
a 1 47 73 67 30 13
a 29 43 33 14 1 31
a 52 5 39 6 16 66
a 68 66 35 43 51 57
a 16 52 32 37 70 19
a 73 63 72 56 32 52
a 7 34 31 12 4 19
a 1 42 59 44 11 14
a 55 16 15 55 38 26
a 27 37 18 10 43 56
a 49 53 34 37 13 56
a 65 2 6 3 4 72
a 31 20 23 8 33 61
a 32 8 67 71 33 72
a 47 57 39 15 73 25
a 7 39 35 45 70 63
a 22 3 45 37 28 53
a 10 25 19 53 8 25
a 3 16 65 15 57 16
a 6 17 70 47 16 22
a 11 20 7 58 62 73
a 13 0 0 44 71 18
a 43 37 26 33 18 7
a 3 4 28 31 5 6
a 57 32 23 53 34 71
a 13 72 43 57 11 71
a 46 7 54 53 34 45
a 7 62 72 43 48 60
a 28 63 13 38 53 34
a 42 19 32 54 5 31
a 29 9 69 48 3 12
a 62 24 69 41 16 18
a 56 46 60 13 29 25
a 59 45 30 51 32 21
a 49 26 31 70 46 11
a 4 23 62 51 53 34
a 49 16 58 9 7 72
a 20 26 72 60 57 61
a 2 25 31 9 33 31
a 72 60 16 25 36 34
a 43 38 30 14 61 30
a 9 47 35 35 6 31
a 55 13 45 50 6 37
a 61 35 59 52 55 37
a 50 23 73 59 5 73
a 6 26 33 6 12 27
u 12 17 1 34 65 64 62
d 31
r 61
o
s
i
u 60 2 23 62 26 15 20
d 59
r 34
o
s
i
u 48 7 41 39 68 5 70
d 31
r 11
o
s
i
u 60 53 13 26 5 19 30
d 27
r 30
o
s
i
u 65 26 67 25 53 16 25
d 47
r 69
o
s
i
u 3 21 61 18 65 55 26
d 38
r 53
o
s
i
u 37 6 19 32 22 32 45
d 60
r 8
o
s
i
u 5 61 19 13 32 70 64
d 69
r 56
o
s
i
u 38 62 8 60 2 28 16
d 71
r 23
o
s
i
u 15 8 33 70 24 34 0
d 41
r 21
o
s
i
u 1 2 29 26 14 13 40
d 26
r 45
o
s
i
u 34 57 14 60 17 65 13
d 27
r 59
o
s
i
u 51 28 51 24 35 71 48
d 37
r 48
o
s
i
u 72 15 54 3 46 15 20
d 71
r 51
o
s
i
u 21 23 64 34 66 72 3
d 0
r 28
o
s
i
u 51 15 9 52 49 22 45
d 26
r 6
o
s
i
u 14 61 2 44 11 31 39
d 48
r 67
o
s
i
u 32 51 62 13 50 1 67
d 4
r 51
o
s
i
u 54 11 1 16 64 16 18
d 15
r 61
o
s
i
u 72 42 73 25 29 18 30
d 29
r 23
o
s
i
u 27 61 51 16 17 14 50
d 72
r 33
o
s
i
u 24 51 10 60 33 1 24
d 70
r 4
o
s
i
e